189																																																																																																																																																																																													
5237	2.3181078	0.22010958	-0.04841423	0.6810177	0.45737883	0.6683271	0.6935749	0.68708515	1.0297226	1.16331	0.98392314	0.81432015	-0.24280635	-0.26587802	-0.2647206	-0.1691248	-0.20875786	-0.31217307	-0.13469303	-0.11842641	-0.13151507	-0.23066631	-0.2951878	-0.23021184	-0.1494135	-0.22949359	-0.08375775	-0.32690337	-0.18053438	-0.21734127	-0.26233187	-0.4184573	-0.36446846	-0.38670322	-0.38207147	-0.29988715	-0.3991918	-0.33049813	-0.36759928	-0.3364902	-0.38434383	0.3603392	-0.20470977	-0.25691143	-0.21189374	-0.2905114	-0.13691163	0.025115944	-0.11354178	-0.03507462	-0.007793687	-0.002293625	0.015989518	-0.07734183	-0.058232173	-0.015573806	-0.064719714	-0.19333264	0.048828807	0.03444192	0.01751962	0.013755148	-0.34555927	-0.13344449	-0.29054782	-0.06983269	-0.20290866	-0.19043988	-0.13207951	-0.31224823	-0.13915485	-0.23769929	-0.1366623	-0.3317418	-0.3826353	-0.35841134	-0.34009385	-0.36788663	-0.3787202	-0.38359022	-0.27113914	-0.3750727	-0.38301843	-0.37544456	-0.38127914	-0.4506709	-0.45569226	-0.4461159	-0.19558749	-0.42810753	-0.28384966	-0.042508323	-0.3083838	-0.27178395	0.10871816	0.29406017	0.43923607	0.7687895	-0.2269413	0.096593	-0.38252902	-0.4039997	-0.29045615	-0.32277215	-0.1097723	-0.119605765	-0.106202364	-0.16510051	-0.1846809	-0.2536236	-0.18230936	0.031291336	0.9014436	1.2308003	-0.15872179	0.07269212	0.39424655	0.3668734	-0.42805204	-0.20972444	-0.26224363	-0.05803562	-0.024122825	-0.059088264	0.17268817	-0.049785737	-0.055571906	0.07308898	0.19708724	-0.066623025	-0.057156462	-0.03749679	-0.044421803	0.081399925	-0.026259623	-0.057678994	0.012233293	0.002142726	-0.05001272	-0.048509873	-0.039256733	-0.05467754	-0.016845867	-0.03782779	-0.048664827	-0.0522035	-0.02953918	0.3293454	-0.061727297	-0.051978942	0.055068064	-0.05906425	-0.031447325	0.014688928	-0.025106866	-0.05350921	-0.02642018	0.16890307	-0.01772012	-0.0560749	0.11827509	-0.031754293	0.19216475	0.15580574	-0.05604077	-0.020278476	0.127004	0.3810838	0.39117324	0.8279606	0.20429367	0.22880368	0.28474498	0.298281	0.18182115	0.289046	0.19295993	0.24044213	0.21350275	0.1538565	0.24156913	0.24339947	0.20040672	0.22565188	0.17487386	-0.06496472	1.8802652	0.27623072	0.35194245
94Seori	0.22010958	1.4497172	-0.08082268	0.3069665	0.23659486	0.31096715	0.31226474	0.31193987	0.116631344	0.10388131	0.11211134	0.1251833	-0.039165627	-0.048653852	-0.04174071	-0.06632129	-0.03960936	-0.048601277	-0.017268986	-0.04211752	-0.018766167	-0.002716853	-0.014742888	0.029430483	0.032178383	0.016507862	-0.009790164	-0.24785312	-0.13882701	-0.17352405	-0.19648601	-0.30579972	-0.27758294	-0.29928723	-0.2862112	-0.23959124	-0.29433006	-0.26181605	-0.28854892	-0.2629246	-0.30212554	0.15030606	-0.097488545	-0.120777465	-0.11246797	-0.1654011	-0.07813832	0.1135135	-0.00848051	0.092729166	0.04175706	0.017800229	0.036452502	0.092035346	0.038919814	0.026834432	0.047953438	-0.15384583	0.06277129	0.018247599	0.01057716	0.023177497	-0.2421134	-0.098304756	-0.19721945	-0.064216755	-0.17558354	-0.16998456	-0.11382796	-0.25343594	-0.07261377	-0.17845276	-0.1251818	-0.26203477	-0.31120706	-0.3040698	-0.24961226	-0.30091992	-0.303753	-0.30327153	-0.21856162	-0.30629602	-0.31537315	-0.29623878	-0.28674814	-0.34845412	-0.34082454	-0.33712634	-0.17705527	-0.3148161	-0.2352085	-0.11006737	-0.24889195	-0.23309366	-0.2594508	-0.1713455	-0.044269595	-0.11533761	-0.1857206	-0.01483315	-0.30704713	-0.3054316	-0.23347758	-0.28042507	-0.09809505	-0.044483636	-0.06594197	-0.10045573	-0.12077139	-0.22571088	0.006144772	0.07396855	0.12346362	0.16339538	-0.08221125	-0.013148621	-0.09585058	-0.04052397	-0.33353797	-0.17810714	-0.22080143	-0.011614414	0.018826822	-0.009580934	0.13479878	0.005823515	-0.008283777	0.07474781	0.14605449	-0.007739662	-0.002343201	6.25E-04	0.003521465	0.08561714	-0.005075494	-0.007826062	0.08443045	0.10588567	-0.011512985	-0.003163551	0.001795416	-0.006634079	0.003000954	-0.005486574	-9.55E-04	-0.015946401	-0.012470641	0.3170963	-0.006303115	-0.004523027	0.06387654	-0.010596238	-0.009937237	0.017925877	-0.00243105	0.002496803	-0.009009657	0.14212693	-0.00269067	-0.009629431	0.10104604	-0.010947642	0.14395286	0.13262105	-0.00655339	0.0053129	0.35950118	0.74760807	0.62929326	0.29612494	0.36914277	0.41200957	0.62409884	0.47716677	0.41516235	0.6429009	0.4461673	0.49262995	0.348111	0.29570523	0.4399019	0.43463895	0.28703412	0.41011187	0.33238435	-0.10529874	0.19539325	0.6333219	0.39539313
Bangsa	-0.04841423	-0.08082268	1.7289647	-3.67E-04	-8.91E-04	0.004261149	0.002761442	-1.46E-04	-0.15554075	-0.13546987	-0.13388795	-0.13313313	-0.16713777	-0.15095966	-0.15685017	-0.13638125	-0.15124853	-0.15902211	-0.10051666	-0.10410524	-0.13675363	-0.18152435	-0.21293317	-0.20325468	-0.12658857	-0.20156962	-0.06555947	0.007080509	0.035953626	0.004687764	0.0322618	0.055058666	0.03514551	0.022378134	0.022175508	0.086968675	0.10911903	0.12075536	0.11499651	0.22183104	0.20106119	0.041585997	0.12024531	0.10819876	0.14237028	0.18900798	0.13496	0.25627708	0.14205322	0.13403709	0.0706685	0.0295868	0.011674622	0.20479089	0.110014305	0.023921406	0.13115475	0.08927525	0.0511151	0.014145351	0.009967564	0.019041965	0.055310965	0.006994388	0.026985833	0.025798282	0.10277866	0.11051938	0.016977154	0.07075089	0.025787126	0.13673739	0.07471368	0.22224227	0.19278397	0.16804181	0.09047133	0.18996188	0.18356606	0.21433844	0.13328893	0.19483326	0.20065723	0.1564075	0.09134122	0.098100774	0.028772602	0.054961402	0.014031841	0.041104488	0.10329712	0.027224809	0.09035019	0.09500736	0.07192933	0.07619796	0.06455748	0.051160354	0.059627194	8.56E-04	-0.016868943	0.00735164	0.003530428	0.15469302	0.037290007	-0.027066948	0.01635751	0.06491581	0.103670895	0.12907517	-0.08735409	-0.00461979	0.01019702	-0.002444125	-0.037059892	-0.043319073	-0.09200251	-0.07345051	-0.10773587	0.37976363	-0.06916576	-0.15130599	-0.12827243	-0.15921482	-0.046311595	-0.15086661	-0.15755382	-0.11692912	-0.06486306	-0.14169052	-0.13092816	-0.1269433	-0.13951138	-0.102436654	-0.08763593	-0.16188714	0.04323247	-0.08516626	-0.1458773	-0.13384315	-0.0840946	-0.102049656	-0.05155602	-0.06565285	-0.15293619	-0.1454557	-0.095015086	0.035528358	-0.14795536	-0.12917806	-0.08187713	-0.12389189	-0.07727935	0.001740198	-0.06594576	-0.10996933	-0.09972125	-0.0622992	-0.031515885	-0.12463939	-0.09871433	-0.09514458	-0.06562666	-0.079626694	-0.1525677	-0.041305125	-0.047233336	-0.08249396	-0.10067743	-0.049456555	-0.008889786	-0.09750689	-0.0842233	-0.062036786	-0.048774827	-0.0796254	-0.06093018	-0.08622318	0.004708171	-0.063133314	-0.09578562	-0.09357649	-0.030230453	-0.104765624	-0.06770179	0.013447971	-0.034566894	-0.08409517	-0.012175032
Bangsa25	0.6810177	0.3069665	-3.67E-04	2.235784	1.4722973	2.1072946	2.1676474	2.1600404	0.2005969	0.28429076	0.18072674	0.16113701	-0.2435047	-0.26383412	-0.26215065	-0.19721235	-0.19832473	-0.30055833	-0.13373503	-0.13867897	-0.16251688	-0.2180611	-0.2647579	-0.22601195	-0.14332263	-0.21859182	-0.08134782	-0.28474867	-0.15228538	-0.17750119	-0.21389136	-0.35822058	-0.32196054	-0.34638563	-0.33841175	-0.32772008	-0.41565815	-0.36015382	-0.3625779	-0.31932855	-0.40104756	0.3966334	-0.20773898	-0.2077083	-0.20805222	-0.26900434	-0.12324983	0.11646144	-0.08388879	0.020527836	-0.013090638	-0.011317862	0.001550095	-0.020839265	-0.06473563	-0.014328158	-0.043945212	-0.17050347	0.02810698	0.015971132	-0.003854724	-0.006088977	-0.32159218	-0.13209873	-0.26663497	-0.07173736	-0.23147312	-0.20948483	-0.11155755	-0.28988627	-0.17624328	-0.22987632	-0.13651974	-0.32612237	-0.37774065	-0.36240342	-0.3252408	-0.38414943	-0.37526748	-0.38740066	-0.26247805	-0.3814062	-0.3868546	-0.3674726	-0.34942868	-0.39499465	-0.44125816	-0.4091219	-0.1932246	-0.42621553	-0.29763064	-0.044101465	-0.29732037	-0.27149963	-0.24898815	-0.16242328	0.008735709	0.021566516	-0.22189826	0.28498492	-0.39036578	-0.40562984	-0.28607553	-0.30293936	-0.10054142	-0.104044005	-0.10465536	-0.14871019	-0.1824569	-0.23138125	-0.13200243	-0.009702811	0.334978	0.4556764	-0.13608912	0.03238765	-0.063103534	-0.006687425	-0.46054298	-0.16140282	-0.2938655	-0.013168495	0.017785225	-0.011336238	0.27124965	-0.018711781	-0.009944569	0.156585	0.31293532	-0.018591402	-0.024210935	-0.017531583	-5.61E-04	0.16574684	-0.019988146	-0.009160578	0.056611337	0.03229105	-0.017223429	-0.018688845	-0.012954257	-0.038167577	-0.015143941	-0.020851556	0.002196403	-0.01068163	-0.017524462	0.5431173	-0.020555383	-0.02060995	0.110165045	-0.017194659	-0.034173053	0.04049313	-0.001842828	-0.024426877	-0.018326413	0.27805534	-0.008597456	-0.027472904	0.20154981	-0.02127595	0.31021085	0.24235168	-0.009589406	0.001196166	0.15862793	0.4467186	0.43301335	0.66320753	0.26247844	0.25058764	0.30746835	0.28515428	0.21277231	0.31549853	0.21701631	0.249964	0.17908147	0.14732474	0.22420563	0.23186176	0.16646697	0.2393147	0.19941849	-0.095189646	0.5889002	0.31083	0.35901988
Bangsa63	0.45737883	0.23659486	-8.91E-04	1.4722973	1.5333806	1.46079	1.4905453	1.4874659	0.13304539	0.18213059	0.11290656	0.115370065	-0.18347181	-0.18931973	-0.18343864	-0.13603164	-0.15555821	-0.2144248	-0.100432046	-0.0986308	-0.11038476	-0.15632722	-0.19274499	-0.17215249	-0.10408881	-0.15699054	-0.063884646	-0.19830932	-0.10937307	-0.13439669	-0.14950114	-0.25088254	-0.23270711	-0.24316491	-0.23850864	-0.24072117	-0.29988182	-0.26268676	-0.2615555	-0.228762	-0.28179237	0.25864425	-0.15081245	-0.15109438	-0.15002134	-0.18869357	-0.08981839	0.08553642	-0.0566959	0.019650316	-0.013638988	-0.006783106	0.002635901	-0.013645223	-0.047623284	-0.008302789	-0.0394881	-0.11902978	0.008367842	0.008101679	1.62E-04	-0.003031821	-0.22743808	-0.10138129	-0.19506621	-0.05474616	-0.16142508	-0.16127637	-0.0905746	-0.21344696	-0.12819456	-0.16162312	-0.10048736	-0.23457217	-0.26640993	-0.25744137	-0.22865899	-0.26972046	-0.26321465	-0.2697035	-0.19474141	-0.27414757	-0.27453718	-0.25474	-0.24420549	-0.2741246	-0.3043508	-0.28688878	-0.14323847	-0.2958034	-0.21233922	-0.029069835	-0.21140838	-0.2025898	-0.17675523	-0.11662216	0.002888541	0.018449886	-0.16820124	0.20202662	-0.27828866	-0.29396167	-0.20728114	-0.20808731	-0.06921888	-0.07613281	-0.07537099	-0.11407062	-0.1293776	-0.157659	-0.09583907	-0.003089421	0.23281246	0.30670142	-0.09841198	0.024032889	-0.049250703	-0.003966075	-0.3282791	-0.11031512	-0.21920595	-0.014355801	0.022020886	-0.013511485	0.19743901	-0.01538066	-0.009237564	0.1033524	0.2165247	-0.012289104	-0.015321266	-0.010144576	-0.00324953	0.11326245	-0.008949792	-0.011692382	0.04639427	0.028376454	-0.011422752	-0.013994266	-5.93E-04	-0.025826637	-0.004020022	-0.005972397	-0.006057867	-0.00819852	-0.014765512	0.3803538	-0.016693583	-0.010040286	0.07861667	-0.006975695	-0.025510425	0.02801825	-0.00265164	-0.014139433	-0.011306169	0.1942018	-0.004300378	-0.016903412	0.14511234	-0.014099808	0.21724845	0.174137	-0.009814643	0.00928651	0.12908527	0.31406817	0.29410955	0.44667664	0.18374069	0.17550544	0.21406393	0.19914787	0.17060797	0.2259018	0.1703265	0.17789838	0.123680614	0.116946615	0.15097095	0.15662806	0.117695995	0.16799287	0.15206347	-0.07233481	0.4089138	0.22233509	0.24177752
Bangsa73	0.6683271	0.31096715	0.004261149	2.1072946	1.46079	2.2008512	2.136906	2.1275487	0.19303092	0.26954255	0.16632062	0.1508746	-0.24028051	-0.26149246	-0.26177397	-0.19136895	-0.19886598	-0.30224416	-0.13567792	-0.13706018	-0.158988	-0.21239781	-0.26374754	-0.22315106	-0.14250647	-0.21795389	-0.0781189	-0.28543353	-0.15082648	-0.17551495	-0.21029745	-0.35236734	-0.31837657	-0.3409209	-0.33272082	-0.32223552	-0.41563553	-0.35601744	-0.35765424	-0.31755346	-0.39795658	0.3915981	-0.20383452	-0.20488328	-0.20384961	-0.26043767	-0.12013375	0.111949146	-0.07944085	0.019639488	-0.012941	-0.008443232	0.003282441	-0.017461719	-0.062265676	-0.014473814	-0.04364616	-0.17153402	0.028293872	0.017102834	0.001260313	-0.002139177	-0.3175807	-0.12928857	-0.26401645	-0.07019379	-0.2314863	-0.20999768	-0.11435648	-0.29181772	-0.17319706	-0.23228103	-0.13431782	-0.32267386	-0.37582225	-0.35766017	-0.3248499	-0.3810551	-0.3697353	-0.38433096	-0.26315534	-0.3809153	-0.3847318	-0.35762876	-0.34938878	-0.39338905	-0.43984157	-0.40576866	-0.19060756	-0.42694643	-0.2953355	-0.045220204	-0.29888	-0.26903686	-0.25313312	-0.16499768	0.001898594	0.012681051	-0.22078823	0.28293017	-0.3832942	-0.4014201	-0.28293416	-0.2982482	-0.09859052	-0.10445435	-0.10104177	-0.14904588	-0.1767459	-0.23280534	-0.12615272	-0.007134149	0.33392856	0.44199604	-0.13386448	0.036020856	-0.06485904	-0.004869823	-0.45544025	-0.16007987	-0.29342744	-0.007087102	0.021296548	-0.007869944	0.26870027	-0.015006448	-0.002285376	0.15606403	0.30776742	-0.01787309	-0.020924112	-0.011600305	0.005771779	0.16124	-0.010469392	-0.007659134	0.05232254	0.03326728	-0.01275164	-0.018241806	-0.006585438	-0.035118025	-0.01111657	-0.019706415	0.003191132	-0.007000144	-0.017125221	0.5331133	-0.017213857	-0.015607427	0.11094023	-0.012564132	-0.030427868	0.04596543	0.001069447	-0.018336082	-0.01456037	0.27100247	-0.009904103	-0.025771586	0.19745024	-0.018000154	0.30158558	0.24085927	-0.004009469	0.003234606	0.15872985	0.4397763	0.4243349	0.65520966	0.2599121	0.24425621	0.30521834	0.2852226	0.21690059	0.31081504	0.2206324	0.24811025	0.1737075	0.14862932	0.21693136	0.22686991	0.16793776	0.23530152	0.19669123	-0.09835355	0.5687233	0.31637314	0.34220564
Bangsa74	0.6935749	0.31226474	0.002761442	2.1676474	1.4905453	2.136906	2.2626598	2.1912267	0.19731595	0.28270292	0.17608996	0.15558687	-0.24750091	-0.2690934	-0.26834342	-0.20034134	-0.20424575	-0.3045375	-0.13830267	-0.14029104	-0.1639637	-0.21774942	-0.27041313	-0.23014665	-0.14500734	-0.22373015	-0.07887639	-0.28790456	-0.1554524	-0.17878942	-0.21691674	-0.36368594	-0.32723024	-0.3498691	-0.34246832	-0.32817265	-0.4213199	-0.36289036	-0.36814666	-0.32248384	-0.40462825	0.4060087	-0.20666645	-0.20849063	-0.20603205	-0.26935574	-0.12067819	0.115413114	-0.08399447	0.016546046	-0.012296818	-0.009900686	0.002464024	-0.01967354	-0.065068215	-0.016966186	-0.045055512	-0.17291535	0.032844536	0.01797589	-0.003301735	-0.004679207	-0.3263923	-0.13514248	-0.2717979	-0.07433182	-0.23732686	-0.2147718	-0.11630536	-0.29253238	-0.17537053	-0.23320487	-0.13643497	-0.32566044	-0.37939292	-0.362112	-0.33033094	-0.38877052	-0.3802224	-0.39060196	-0.26574552	-0.3854716	-0.38998374	-0.36877844	-0.35084113	-0.39833906	-0.44163242	-0.41034335	-0.19599596	-0.42835778	-0.29849467	-0.040889796	-0.3007327	-0.2711099	-0.25030732	-0.16532092	0.008097841	0.021518547	-0.22192667	0.2968319	-0.3920985	-0.40475744	-0.28918815	-0.30307952	-0.10217393	-0.10465488	-0.103023484	-0.15008609	-0.18183872	-0.23180585	-0.13247031	-0.010436531	0.3391148	0.456476	-0.13866359	0.03674432	-0.063418254	-0.003867454	-0.46566248	-0.1629107	-0.29787385	-0.012863826	0.012903657	-0.01424421	0.27349663	-0.017635928	-0.00885148	0.15927798	0.3164159	-0.022395853	-0.027203318	-0.019890072	-0.00179806	0.16613556	-0.019344995	-0.013372319	0.055934057	0.030653404	-0.015810287	-0.020414112	-0.015782736	-0.03897393	-0.014663753	-0.022118222	-7.84E-04	-0.012851605	-0.019446436	0.55047274	-0.023197489	-0.021156559	0.112364694	-0.019782003	-0.032392718	0.041201588	-0.00290048	-0.02735103	-0.019263115	0.27785528	-0.009319373	-0.029436339	0.20253623	-0.023371357	0.30963087	0.24554928	-0.010094898	0.001076269	0.16030559	0.45471498	0.43530878	0.6798142	0.2652052	0.2582357	0.30964434	0.28875262	0.21541664	0.31912482	0.21872362	0.2545447	0.17757598	0.15197554	0.22598305	0.23454906	0.17039879	0.24410301	0.20256312	-0.09321641	0.5874019	0.31474948	0.35657385
Bangsa84	0.68708515	0.31193987	-1.46E-04	2.1600404	1.4874659	2.1275487	2.1912267	2.253289	0.19489375	0.27935407	0.1766558	0.15545301	-0.24537382	-0.2688826	-0.26475745	-0.19900046	-0.19997747	-0.3087454	-0.13376363	-0.14024037	-0.162858	-0.21849087	-0.26804656	-0.22795345	-0.14813936	-0.22407798	-0.08153682	-0.29021287	-0.15553331	-0.17910448	-0.21659368	-0.36429453	-0.32899615	-0.34988332	-0.34321603	-0.32860085	-0.4228062	-0.3626393	-0.36752623	-0.32280466	-0.40874404	0.40684867	-0.20799586	-0.20380448	-0.20711555	-0.26699692	-0.12136096	0.11507237	-0.082895204	0.015278543	-0.013753106	-0.010483381	0.002783722	-0.016495168	-0.06593698	-0.014556639	-0.0412226	-0.1745616	0.03499881	0.018453872	-8.60E-04	-0.003494335	-0.32643723	-0.13701583	-0.26967144	-0.07199622	-0.23865418	-0.21420513	-0.113066256	-0.29869127	-0.17720738	-0.23528227	-0.13745701	-0.32852492	-0.38366893	-0.3647675	-0.33275533	-0.3899438	-0.38253263	-0.3909733	-0.26638174	-0.38764685	-0.39161652	-0.3705324	-0.35493645	-0.40143093	-0.4480736	-0.414522	-0.19280286	-0.43122536	-0.30078715	-0.0409947	-0.30009377	-0.27159458	-0.25612515	-0.16754638	0.007705792	0.018210912	-0.22443976	0.29659557	-0.39483076	-0.4104836	-0.29210487	-0.303989	-0.100871846	-0.1039406	-0.10304643	-0.14931093	-0.179356	-0.23584495	-0.13703363	-0.00646742	0.33633584	0.452156	-0.13896042	0.038841534	-0.065066986	-0.002607056	-0.4686268	-0.16673805	-0.2956086	-0.008192902	0.020421827	-0.009181388	0.2748387	-0.014445226	-0.002834098	0.16196975	0.3153436	-0.014900597	-0.022500748	-0.014920191	0.006086799	0.16562693	-0.012673852	-0.00545789	0.0547007	0.034214325	-0.012484675	-0.015951224	-0.009654271	-0.03311152	-0.014600648	-0.02041657	0.006045423	-0.004850178	-0.015829591	0.5516422	-0.01736867	-0.016706698	0.11187172	-0.013319458	-0.031051842	0.04531165	-0.002237277	-0.021632848	-0.015256098	0.2771061	-0.009676707	-0.02588882	0.20049919	-0.0192892	0.30879447	0.24911015	-0.002934819	0.00173423	0.16226576	0.45819718	0.43865436	0.6708551	0.26730618	0.24932608	0.3104508	0.28622642	0.21435346	0.31575084	0.21601038	0.25601503	0.17284688	0.14718798	0.22403347	0.22906342	0.16704851	0.23715565	0.19869965	-0.09302324	0.5872329	0.31382126	0.35730588
DB003	1.0297226	0.116631344	-0.15554075	0.2005969	0.13304539	0.19303092	0.19731595	0.19489375	1.8363982	1.5791277	1.4781969	1.065421	0.2656056	0.17741233	0.3219304	0.17166838	0.22587843	0.2144563	0.15929234	0.12900445	0.20763686	0.22936526	0.26481965	0.23052752	0.17626385	0.27218792	0.06137723	-0.21774162	-0.11692646	-0.14503293	-0.15227664	-0.25664288	-0.21025062	-0.23346831	-0.22838727	-0.133386	-0.16942835	-0.17091662	-0.14699766	-0.30357367	-0.27690345	0.16876031	-0.16913593	-0.09239207	-0.16599086	-0.23534943	-0.16535242	-0.08598903	-0.085447416	-0.04732258	-0.00474749	-0.018999014	-0.010519509	-0.076632746	-0.050373964	-0.029051047	-0.09397909	-0.21010257	-0.027606947	0.001732216	0.011141149	-1.17E-04	-0.17716499	-0.079505116	-0.16285357	-0.03312168	-0.13319474	-0.13186279	-0.107604064	-0.2482384	-0.004829299	-0.20515801	-0.14452004	-0.32775658	-0.32594556	-0.3055741	-0.21155573	-0.2530558	-0.26590586	-0.26974118	-0.19338892	-0.26020333	-0.26219302	-0.28093567	-0.313777	-0.29099992	-0.2565318	-0.28497732	-0.118871465	-0.23625912	-0.17964877	-0.06370216	-0.18114078	-0.16310285	0.015375991	0.20009434	0.27971143	0.5377347	-0.1512178	-0.004739705	-0.2695703	-0.27178448	-0.19237746	-0.2614788	-0.08841767	-0.051361922	-0.045160938	-0.09743816	-0.100487456	-0.24124746	-0.08636793	0.06412088	0.4056423	0.6318733	-0.033015277	0.051580343	0.17867172	0.20241836	-0.09401718	-0.33291376	-0.059613787	-0.09607568	-0.08391226	-0.09550508	-0.018079318	-0.08691044	-0.095984094	-0.05429995	-0.014013344	-0.08426702	-0.0793388	-0.0554349	-0.09074328	-0.05852854	-0.03156848	-0.09340834	0.015886607	-0.0425536	-0.08316252	-0.08000666	-0.055728868	-0.070694216	-0.028703362	-0.05622822	-0.09359204	-0.091614984	-0.04805393	0.07054252	-0.09189031	-0.07687631	-0.055614963	-0.07817251	-0.045481168	-0.043042354	-0.043351997	-0.06857627	-0.051308922	-0.004088113	-0.023042573	-0.07738644	-0.04442098	-0.057023667	-0.010959981	0.006029073	-0.09961944	-0.02316506	0.047425088	0.12660185	0.16541325	0.39860085	-0.00679649	-0.063438535	0.06784124	0.075844646	0.05171182	0.07512744	0.055571046	0.005580644	0.007066599	-0.03446844	-0.019952862	-0.013504931	-0.001210988	-0.05366566	-0.03840116	0.062132534	0.85950184	0.06749227	0.11594568
DB004	1.16331	0.10388131	-0.13546987	0.28429076	0.18213059	0.26954255	0.28270292	0.27935407	1.5791277	1.9271703	1.3493106	0.9979762	0.22229235	0.16079363	0.28087494	0.13131657	0.18899536	0.19216992	0.14268036	0.10347575	0.17747346	0.17491159	0.19090092	0.1668689	0.15222222	0.24003233	0.043485895	-0.21580501	-0.11652869	-0.13887759	-0.14705487	-0.2491479	-0.20067495	-0.22902556	-0.22668304	-0.123043336	-0.16321224	-0.15428725	-0.14134014	-0.28564563	-0.27386817	0.21210885	-0.15779316	-0.0808329	-0.17957911	-0.2352756	-0.16234219	-0.05505384	-0.087367825	-0.059788205	-0.016347202	-0.025433963	-0.019237297	-0.11531279	-0.08159545	-0.05258602	-0.1347016	-0.21039285	-0.03151643	-7.18E-05	0.005546812	-0.014720197	-0.17598584	-0.07964311	-0.15948178	-0.03445084	-0.11136214	-0.110789284	-0.09979644	-0.24185477	-0.014455453	-0.1926431	-0.14402993	-0.31051534	-0.31062272	-0.2963372	-0.2128941	-0.2689257	-0.27935353	-0.28203467	-0.20084101	-0.27829045	-0.281063	-0.27995685	-0.29797527	-0.27380955	-0.24282853	-0.2666328	-0.11353005	-0.2202233	-0.16787493	-0.047674213	-0.17189743	-0.1504913	0.052621488	0.21029876	0.2641122	0.5378933	-0.13927568	0.01263037	-0.26991436	-0.26812118	-0.18353409	-0.232796	-0.07797876	-0.049644355	-0.036461547	-0.082272135	-0.08795219	-0.2285496	-0.103116184	0.06522712	0.45109335	0.71046966	-0.017844789	0.104481794	0.2292064	0.26241744	-0.07833153	-0.32752085	-0.05012714	-0.13326612	-0.10307353	-0.1360939	0.03897237	-0.13129734	-0.1319079	-0.036631513	0.053843986	-0.10902652	-0.11274328	-0.08477313	-0.115214	-0.028662339	-0.051441617	-0.13040784	0.013537547	-0.058084793	-0.115037225	-0.11175036	-0.070545495	-0.0922636	-0.0373385	-0.06563473	-0.12795594	-0.12324134	-0.07189318	0.13176978	-0.1280323	-0.108761765	-0.041048143	-0.10689267	-0.0667304	-0.022029342	-0.053499535	-0.0882096	-0.071919635	0.050158672	-0.03484763	-0.10082078	-0.0021912	-0.06882375	0.056578957	0.032128673	-0.13801497	-0.029171202	0.043444138	0.118312374	0.17293128	0.47656897	0.013749879	-0.101112194	0.054535322	0.039355233	0.04541002	0.058247667	0.03978658	-0.01645462	-0.025290444	-0.05873116	-0.057836927	-0.049896114	-0.01077213	-0.08387446	-0.07224507	0.05716536	0.97164524	0.055090748	0.15917581
DB005	0.98392314	0.11211134	-0.13388795	0.18072674	0.11290656	0.16632062	0.17608996	0.1766558	1.4781969	1.3493106	1.8106264	1.0237128	0.30673012	0.20791607	0.3772211	0.1942487	0.26586252	0.25592306	0.19370604	0.14437756	0.23414426	0.24785367	0.29067156	0.28780913	0.20205534	0.3050326	0.078137845	-0.19332647	-0.092378244	-0.12513943	-0.12700438	-0.2238803	-0.18722202	-0.21054994	-0.20587635	-0.116422206	-0.14769615	-0.16779974	-0.13847008	-0.24698414	-0.22878622	0.20363532	-0.1507379	-0.07448487	-0.16139902	-0.22534552	-0.16920632	-0.07522704	-0.048528075	-0.051191263	-0.01592506	-0.011104633	-0.006104136	-0.06406029	-0.017664842	-0.018701985	-0.07011718	-0.21378034	0.006030558	0.019166604	0.017880969	0.00917278	-0.20118085	-0.08343932	-0.18011111	-0.038609702	-0.10579935	-0.10136771	-0.08356588	-0.21794116	-0.01065718	-0.20502177	-0.118362546	-0.2821473	-0.26422328	-0.24629179	-0.20596454	-0.20513786	-0.21939082	-0.20833404	-0.16315795	-0.21368691	-0.20779182	-0.23193128	-0.307075	-0.28558242	-0.2505249	-0.28803045	-0.12344228	-0.23434803	-0.1925247	-0.05809786	-0.1561342	-0.14360628	0.002277521	0.19227256	0.27805394	0.51592183	-0.15917596	-0.006052094	-0.24872431	-0.24906042	-0.1828909	-0.26094785	-0.08406686	-0.044577654	-0.035138737	-0.09443775	-0.10925747	-0.2400522	-0.0694967	0.057848543	0.39905238	0.56864643	-0.029859047	0.045592222	0.21481387	0.2233689	-0.06374075	-0.34155533	-0.049742818	-0.13369712	-0.10643749	-0.13271292	-0.019033706	-0.118728735	-0.13128588	-0.07324334	-0.014427028	-0.11186768	-0.11145214	-0.08435927	-0.12070736	-0.070953704	-0.054327816	-0.12998228	0.014137388	-0.06943572	-0.11339687	-0.11402718	-0.06910982	-0.09084316	-0.041028894	-0.062295455	-0.13023089	-0.12517497	-0.06342956	0.041904066	-0.12430734	-0.10299546	-0.064534634	-0.105781734	-0.056852367	-0.050498582	-0.0627063	-0.09391892	-0.07392724	-0.001963386	-0.024343275	-0.097376324	-0.050303515	-0.07729761	-0.009089914	-0.007655584	-0.13234834	-0.036597766	0.060010787	0.121753834	0.17287186	0.37057805	-0.022385791	-0.06265848	0.017986575	0.04620829	0.019941984	0.021498984	0.0174284	-0.01710726	0.004778014	-0.028023893	-0.02419068	-0.020894472	-0.037934285	-0.05212895	-0.04097912	0.039474666	0.8318889	0.01931818	0.07646408
DB006	0.81432015	0.1251833	-0.13313313	0.16113701	0.115370065	0.1508746	0.15558687	0.15545301	1.065421	0.9979762	1.0237128	1.4086618	0.21017586	0.1587585	0.25679398	0.10077453	0.17483176	0.17685719	0.14467946	0.084649354	0.14874977	0.18492614	0.19769228	0.20107293	0.16465792	0.23565498	0.057669904	-0.15143254	-0.07369202	-0.105891675	-0.120587304	-0.17884843	-0.15870257	-0.14814499	-0.14334369	-0.08488732	-0.107638255	-0.11077019	-0.094775915	-0.21549971	-0.18912654	0.11366239	-0.13895601	-0.08375443	-0.110115305	-0.15934159	-0.11561077	-0.0391895	-0.05810805	-0.04434772	-0.017122418	-0.014327885	-9.53E-04	-0.0587227	-0.0653391	-0.027873576	-0.09793829	-0.16290498	-0.022512292	-0.006701811	0.007837297	0.003757891	-0.16555196	-0.07287571	-0.1478026	-0.025339697	-0.06660842	-0.0777705	-0.08410691	-0.21692488	-0.023292389	-0.19852185	-0.09247866	-0.21750583	-0.21504651	-0.20573536	-0.16196986	-0.18630153	-0.19334114	-0.18198302	-0.14620425	-0.18203107	-0.17738488	-0.20001219	-0.21350859	-0.19855624	-0.15735437	-0.19518645	-0.08083572	-0.17538199	-0.15635474	-0.04840013	-0.13284045	-0.12577307	0.012056442	0.16075541	0.21780321	0.36484906	-0.1345574	0.008338013	-0.17523219	-0.17557818	-0.13453169	-0.20479737	-0.06433993	-0.04725493	-0.03915426	-0.07167449	-0.0855575	-0.2013898	-0.03191489	0.034392536	0.349369	0.44782394	-0.010468137	0.024465587	0.18526906	0.17608318	-0.06730517	-0.2835951	-0.04513902	-0.09569095	-0.07026328	-0.09871063	-0.003573465	-0.09123266	-0.09909503	-0.0496848	-0.006437716	-0.0804903	-0.08156299	-0.0696025	-0.087155245	-0.05006028	-0.03417988	-0.096579656	0.04490798	-0.043324057	-0.083613716	-0.079172716	-0.047119137	-0.06821082	-0.028348358	-0.04556738	-0.095641285	-0.09494774	-0.051261988	0.060005054	-0.09290772	-0.07479357	-0.041442145	-0.078329094	-0.047111243	-0.03532467	-0.03735021	-0.070238456	-0.05378368	0.005512617	-0.02165296	-0.070358105	-0.03501917	-0.055173535	-0.001089245	0.001453182	-0.1029663	-0.0275755	0.057523053	0.09095515	0.12612692	0.2836204	0.005221458	-0.063011736	0.043203443	0.04014959	0.041406758	0.0492134	0.032973528	-0.003895442	-0.006522614	-0.02714042	-0.0386561	-0.037614178	0.002186631	-0.052989297	-0.031429213	0.003844313	0.7133693	0.046255074	0.067633815
DB007	-0.24280635	-0.039165627	-0.16713777	-0.2435047	-0.18347181	-0.24028051	-0.24750091	-0.24537382	0.2656056	0.22229235	0.30673012	0.21017586	1.0270938	0.5278353	0.7172014	0.3752201	0.64466023	0.6108502	0.3893391	0.28546944	0.35360944	0.53876936	0.6470783	0.5957948	0.39577618	0.5849138	0.21684003	0.039237168	0.017486028	0.030065142	0.037809692	0.07863113	0.08992652	0.08559692	0.08074738	0.10736933	0.14257842	0.0771558	0.09339711	-0.017936287	0.04549691	-0.024522133	0.02447728	0.08927838	-0.003700098	0.004912984	-0.04599302	-0.11512627	0.011917154	-0.085789405	-0.013248011	-0.012868684	-0.020865	-0.06825613	-0.07032619	-0.02986215	-0.08176447	-0.063243516	-0.06873393	-0.035881057	-0.008357614	-0.013454959	0.05807371	0.02574971	0.044050638	0.030023795	0.020234657	0.024427868	0.025900241	0.04567444	0.07213564	-0.04747645	-0.003512945	-0.011323092	0.011792864	-0.001845832	0.035399407	0.03258621	0.026246475	0.0400018	0.025733024	0.042278547	0.047014736	0.021746814	0.03319729	0.08323428	0.10785014	0.11545196	0.048636682	0.07506996	-0.008056183	-0.006386562	0.023491103	0.018801248	-0.04568168	-0.023986988	-0.053418003	-0.038429596	0.024242235	-0.026252465	0.14674868	0.1738785	0.121101044	-0.024486076	-0.006111743	0.037827745	0.037350576	0.039689038	0.04475095	-0.023866473	0.19510904	-0.019758848	-0.12972434	-0.13453335	0.07695509	0.044530798	0.08422586	0.07589025	0.3509402	-0.31408563	0.23065628	-0.1870665	-0.14706294	-0.186638	-0.112672426	-0.17514455	-0.18885992	-0.16066918	-0.12285163	-0.16700736	-0.16536725	-0.13266255	-0.17312734	-0.15015706	-0.09221961	-0.17655174	0.014272962	-0.120511666	-0.18044402	-0.1509494	-0.09836774	-0.13450196	-0.0511137	-0.08662445	-0.18801458	-0.18073335	-0.102243744	-0.13344093	-0.1800057	-0.1478996	-0.12512091	-0.15245353	-0.08624174	-0.09415001	-0.08328225	-0.12830089	-0.11314461	-0.10911251	-0.047576915	-0.13579506	-0.13867573	-0.121432096	-0.12717217	-0.12957728	-0.18825622	-0.06288471	-0.030240897	-0.13059796	-0.084282935	-0.16500953	-0.10666525	-0.20861295	-0.18605083	-0.19257022	-0.11681926	-0.18334043	-0.12529565	-0.19038627	-0.1936114	-0.13741922	-0.19601056	-0.19682273	-0.17308705	-0.19205189	-0.1590737	-0.033544414	-0.21510105	-0.17859548	-0.16492955
DB008	-0.26587802	-0.048653852	-0.15095966	-0.26383412	-0.18931973	-0.26149246	-0.2690934	-0.2688826	0.17741233	0.16079363	0.20791607	0.1587585	0.5278353	1.1570252	0.68794316	0.2925625	0.46458784	1.0754282	0.37474278	0.22026516	0.3338733	0.6120117	0.734007	0.7222205	0.59160596	0.85793144	0.23795222	0.07914368	0.038224664	0.057275143	0.060315456	0.07450363	0.0940654	0.10729287	0.094430685	0.17852055	0.23977026	0.15555249	0.18587618	0.010334146	0.076926254	-0.08391779	0.050895516	0.09504761	0.020374622	0.01560901	-0.010169654	-0.12050766	0.046981785	-0.021217274	-0.06040473	-0.03869085	-0.022022268	-0.028823618	-0.035411596	-0.029377552	-0.047634978	-0.052499574	-0.11016356	-0.07085424	-0.03098757	-0.04870113	0.042133614	0.011246912	0.033947412	0.028101338	0.022240983	0.025860986	0.020735132	0.036253374	0.09804184	-0.027642246	-0.005116737	-0.029586839	0.002132147	-0.01602316	0.050320935	0.053003088	0.04839336	0.049030088	0.03766141	0.05639855	0.05973602	0.019481886	0.009459198	0.07550323	0.099951155	0.07329592	0.03153874	0.09721082	0.011132368	-0.018598948	0.050777256	0.044344548	-0.002128994	0.006582936	-0.04484629	-0.039165962	0.027572984	-0.04158431	0.1596839	0.17672946	0.117014445	0.005468933	0.003639197	0.028036445	0.024948478	0.042132787	0.05526238	-0.033075295	0.15491693	0.010779258	-0.15492225	-0.18143506	0.102633335	0.06332661	0.111464664	0.09500003	0.39065424	-0.3120839	0.24679449	-0.21079317	-0.17577592	-0.21350111	-0.1568819	-0.21536754	-0.21425632	-0.20360774	-0.17681752	-0.18133943	-0.19432397	-0.15130569	-0.1985346	-0.1982586	-0.10742962	-0.19757052	-0.00250836	-0.13181956	-0.20359743	-0.17824885	-0.11112947	-0.14864649	-0.052871495	-0.08541245	-0.21361527	-0.20351812	-0.119623296	-0.13719288	-0.20296726	-0.17472193	-0.1546981	-0.16752519	-0.09827889	-0.101921685	-0.093922704	-0.14423694	-0.124909766	-0.1516028	-0.05574817	-0.16554002	-0.18986306	-0.12716359	-0.17160957	-0.15752816	-0.21661276	-0.06631633	-0.037450388	-0.09619653	-0.087634414	-0.18024209	-0.11659484	-0.2396263	-0.19828317	-0.22403312	-0.13677111	-0.19939296	-0.11915669	-0.21171437	-0.21177663	-0.15844457	-0.23950362	-0.24047574	-0.2282556	-0.22598971	-0.1841354	0.022531396	-0.2276155	-0.19450691	-0.16649593
DB009	-0.2647206	-0.04174071	-0.15685017	-0.26215065	-0.18343864	-0.26177397	-0.26834342	-0.26475745	0.3219304	0.28087494	0.3772211	0.25679398	0.7172014	0.68794316	1.2713239	0.39132226	0.620183	0.81138724	0.5864187	0.29365793	0.42318535	0.54314095	0.63627386	0.72908044	0.48747003	0.7250735	0.20879051	0.05047362	0.039435893	0.03873201	0.061226856	0.06922696	0.086329214	0.09190926	0.07225041	0.15358053	0.1897264	0.12850033	0.1538399	-0.040403865	0.03241101	0.011178552	0.07887947	0.14990358	-0.00349669	0.006413522	-0.05099511	-0.078034766	0.010158353	-0.024341902	0.017990528	0.001489079	0.004615223	0.015876891	0.032393023	-0.011248796	2.69E-04	-0.10009605	-0.07239798	-0.034010112	-0.002539249	-0.014417481	0.013625706	-0.001142362	-6.56E-04	0.025063235	0.030740997	0.038023032	0.005230791	0.010873239	0.07325115	-0.039891288	-0.027927946	-0.057213422	-0.020178843	-0.0390229	0.027009845	0.03886699	0.031960957	0.036518615	0.015565875	0.04707546	0.054839253	0.021683607	-0.023941997	0.06714808	0.07299417	0.059016712	0.026949713	0.06977527	-0.028277889	-0.029684423	0.022727912	0.014521604	-0.07191543	-0.027018618	-0.058194604	-0.011058391	9.58E-04	-0.059705734	0.12532082	0.13549991	0.08792834	-0.024588618	-0.013945635	0.025551466	0.013733141	0.02168189	0.040361263	-0.06516769	0.16337712	-0.003478964	-0.14473948	-0.14405419	0.09537111	0.06266084	0.08204087	0.06203497	0.34467044	-0.32920182	0.21757394	-0.21018404	-0.16374716	-0.21407038	-0.15380871	-0.19766344	-0.21377212	-0.19771059	-0.17498496	-0.17727822	-0.17629415	-0.14566232	-0.1995506	-0.18616682	-0.100867406	-0.19786194	0.017600521	-0.1305248	-0.19914891	-0.17320138	-0.10085948	-0.15561858	-0.0569739	-0.09055359	-0.21314767	-0.20215537	-0.112527035	-0.13882257	-0.19881634	-0.16936035	-0.14719974	-0.16298732	-0.093124405	-0.096328594	-0.09083156	-0.14184889	-0.12148634	-0.14783078	-0.053265758	-0.15028745	-0.18592638	-0.12674534	-0.17259574	-0.15713856	-0.20886728	-0.06652183	-0.035307486	-0.1292475	-0.10762019	-0.19623534	-0.10494993	-0.24130923	-0.21659915	-0.22354281	-0.13818528	-0.21539333	-0.14515223	-0.22388834	-0.21118703	-0.14916432	-0.21761428	-0.22281331	-0.19644664	-0.21630661	-0.17664891	-0.03511471	-0.22809654	-0.20888533	-0.19511843
DB010	-0.1691248	-0.06632129	-0.13638125	-0.19721235	-0.13603164	-0.19136895	-0.20034134	-0.19900046	0.17166838	0.13131657	0.1942487	0.10077453	0.3752201	0.2925625	0.39132226	1.1899909	0.33199844	0.33648103	0.20746712	0.77027214	0.91475683	0.38536823	0.4544079	0.39511305	0.26041436	0.39452633	0.15022872	0.038380962	0.020865789	0.03060658	0.036497127	0.0662609	0.09056771	0.08025715	0.07366905	0.077864684	0.076198734	0.034065545	0.04362357	-0.04174776	0.008886943	0.014174827	-0.011625295	2.77E-04	-0.009460355	0.025023015	0.019763056	-0.16914472	-0.055288546	-0.056471124	-0.054987863	-0.012565791	-0.02043964	-0.08418399	-0.08274822	-0.026991658	-0.057338174	-0.057959158	-0.09115616	-0.048206054	-0.01782665	-0.022729041	0.01853324	0.007828072	0.015654612	0.010970486	-0.016747382	-0.017185416	-0.023658197	-0.067201406	0.049018312	-0.06852808	-0.01254881	-0.06027182	-0.02565873	-0.03923063	0.002787347	0.007822245	0.014725652	0.024519103	0.018666258	0.014363751	0.025659949	-0.006625723	-0.008892001	0.05227132	0.07696632	0.078715004	0.039633647	0.048826914	-0.029275717	-0.005878679	-6.46E-04	-0.01932608	-0.07437602	-0.03334136	-0.039105915	-0.047569126	-0.01659106	-0.030087758	0.082986906	0.116314545	0.08768921	-0.05757802	-0.013578447	0.034708075	0.053547654	0.049248066	0.038118407	-0.018033186	0.21054964	0.016503617	-0.06351798	-0.06429934	0.110109605	0.06105174	0.07457181	0.08635068	0.31603175	-0.2944971	0.19000277	-0.13258868	-0.11088832	-0.1355567	-0.06313944	-0.14208089	-0.13959916	-0.108391546	-0.06368779	-0.12008773	-0.11979654	-0.10212315	-0.11878211	-0.091970235	-0.06817205	-0.125214	0.010776476	-0.09450744	-0.120723285	-0.117103286	-0.06742697	-0.088070676	-0.03438431	-0.053529784	-0.13221547	-0.12932158	-0.07908091	-0.07449886	-0.127894	-0.11095986	-0.09461176	-0.115770355	-0.055709228	-0.0379442	-0.059267174	-0.084930696	-0.084348574	-0.060099456	-0.034288384	-0.10033679	-0.07791312	-0.09852837	-0.065687306	-0.08481602	-0.14109913	-0.037906922	-0.019212263	-0.08525986	-0.017879257	-0.1591663	-0.050732844	-0.16735835	-0.16567235	-0.16855596	-0.10360896	-0.15645482	-0.105507	-0.16330083	-0.12177873	-0.120145306	-0.15532401	-0.15866615	-0.11257094	-0.18768403	-0.1253085	-0.01074345	-0.13728963	-0.1570664	-0.10540356
DB016	-0.20875786	-0.03960936	-0.15124853	-0.19832473	-0.15555821	-0.19886598	-0.20424575	-0.19997747	0.22587843	0.18899536	0.26586252	0.17483176	0.64466023	0.46458784	0.620183	0.33199844	0.894531	0.52667	0.35937527	0.26104352	0.3075781	0.46857992	0.5632496	0.50271326	0.34331974	0.49457172	0.20044644	0.04722022	0.019958416	0.029004894	0.04509547	0.06834884	0.07728874	0.09194812	0.077984296	0.10115489	0.12920763	0.07426476	0.08142616	-0.02823951	0.028342659	-0.041105997	0.017373461	0.067116134	-0.007493437	-0.009832022	-0.04248242	-0.09904483	-0.015482812	-0.072138436	-0.022002421	-0.01291195	-0.023747133	-0.07470785	-0.06861531	-0.028011275	-0.07728551	-0.06675031	-0.062383592	-0.023344127	-0.008480547	-0.008758305	0.044215	0.015988061	0.037466154	0.027903909	0.009457142	0.016675398	0.019172508	0.025512148	0.05110736	-0.04481063	-0.008326396	-0.020642325	-0.007384728	-0.01549618	0.025013072	0.01907878	0.012489404	0.024472939	0.011931507	0.025302364	0.028127346	0.006652486	0.03179487	0.07633512	0.09016218	0.10393464	0.055688057	0.06764121	-0.020528164	-0.002501644	0.016004324	0.010863839	-0.038504552	-0.013151176	-0.047406793	-0.02682954	0.014798436	-0.020504635	0.126263	0.15226895	0.09880764	-0.029170794	-0.00995934	0.028780797	0.03727888	0.031626318	0.044160098	-0.022779524	0.16999471	-0.014694753	-0.103388466	-0.11901309	0.07142204	0.044321813	0.088157214	0.07394459	0.31080306	-0.28176886	0.21003486	-0.16244425	-0.12861282	-0.1652796	-0.094250314	-0.15633999	-0.16665003	-0.13797747	-0.11170356	-0.1377421	-0.14282258	-0.11642236	-0.15294039	-0.13144557	-0.081230715	-0.15289846	0.005218979	-0.10514937	-0.14976318	-0.13764818	-0.08098854	-0.12118055	-0.041945033	-0.07066085	-0.16355893	-0.15901852	-0.090511836	-0.109170645	-0.15684883	-0.12930313	-0.105592564	-0.13143966	-0.07722117	-0.07734345	-0.06910906	-0.10590424	-0.10071159	-0.096491426	-0.04686688	-0.11831678	-0.123709045	-0.10301891	-0.11265295	-0.110058896	-0.16312768	-0.049746245	-0.023612527	-0.11493339	-0.07694423	-0.14337794	-0.08681958	-0.17412111	-0.15764482	-0.15963337	-0.10646427	-0.15670878	-0.10451246	-0.16417278	-0.15868068	-0.10956707	-0.16709547	-0.16840117	-0.1468969	-0.15661395	-0.12985495	-0.03611381	-0.18131839	-0.1507392	-0.13937011
